state_0,state_1,state_2,state_3,state_4,state_5,state_6,state_7,state_8,state_9,state_10,state_11,state_12,state_13,state_14,state_15,state_16,state_17,state_18,state_19,state_20
0.0,0.0,0.00096,-0.00096,-0.6,-0.37910014,0.46585393,-1.7952,1.7952,0.0048,-0.0048,-1.3396152,1.2478342,1.0036211,-0.8895741,2.024197,-2.013411,3.0867925,-3.0917547,-0.99999636,-1.0
0.0,0.0,0.018409671,-0.018409671,-0.6,-0.4663485,0.38509348,-1.7079515,1.7745279,0.092048354,-0.08653807,-1.2523668,1.2764488,1.0908694,-0.8281278,2.1114454,-2.0993733,2.9995441,-3.0134869,-0.9903557,-1.0
0.0,0.0,0.038400035,-0.038400035,-0.6,-0.4603459,0.30766684,-1.6079998,1.7661738,0.19200018,-0.12857297,-1.152415,1.2879103,1.1908213,-0.7830702,2.2113972,-2.1597457,2.8995924,-2.9542654,-0.8941444,-1.0
0.0,0.0,0.0584,-0.0584,-0.6,-0.361041,0.21989146,-1.5079999,1.7649418,0.22013967,-0.1590548,-1.0524151,1.2902542,1.2908211,-0.7340154,2.2398694,-2.2127926,2.7995925,-2.8901708,-0.5858237,-1.0
0.0,0.0,0.0784,-0.0784,-0.6,-0.26104364,0.12997313,-1.408,1.7703996,0.12200229,-0.16759282,-0.9605494,1.2698427,1.3908211,-0.68296605,2.2399995,-2.2397563,2.6995926,-2.8199832,-0.048401505,-1.0
0.0,0.0,0.0984,-0.08353472,-0.6,-0.16104366,0.030040426,-1.308,1.7760016,0.022009324,-0.09612821,-1.0438175,1.2496915,1.4908211,-0.67750376,2.24,-2.239999,2.5995924,-2.7924383,0.5125498,-1.0
0.0,0.0,0.1184,-0.06869226,-0.6,-0.061043657,-0.06995932,-1.208,1.7829528,-0.07799065,-0.00388531,-1.1437544,1.2351072,1.590821,-0.6879048,2.24,-2.24,2.4995925,-2.7801182,0.85718364,-1.0
0.0,0.0,0.1384,-0.059814453,-0.6,0.03895634,-0.16995932,-1.1079999,1.7958521,-0.17799065,0.076159716,-1.2437541,1.2108579,1.690821,-0.69006985,2.24,-2.24,2.3995926,-2.7573824,0.97594243,-1.0
0.0,0.0,0.1584,-0.046929557,-0.6,0.090559706,-0.26995933,-1.0079999,1.8048846,-0.27799064,0.1631178,-1.343754,1.199381,1.7908211,-0.70832473,2.24,-2.24,2.2995925,-2.7482493,0.9977327,-1.0
0.0,0.0,0.1784,-0.026978074,-0.6,0.06264016,-0.3603979,-0.90799993,1.813359,-0.37799066,0.26302874,-1.4437541,1.1982436,1.8908211,-0.73804843,2.2178526,-2.24,2.1995926,-2.7544756,0.99991775,-1.0
0.0,0.0,0.1984,-0.0069782566,-0.6,-0.014906688,-0.45074913,-0.80799997,1.8266116,-0.47799066,0.3630284,-1.5437541,1.1933782,1.9818422,-0.7674361,2.1199918,-2.24,2.1014013,-2.7569456,1.0000005,-1.0
0.0,0.0,0.2184,0.013021743,-0.6,-0.010168524,-0.53400934,-0.70799994,1.8386053,-0.57799065,0.46302843,-1.6437541,1.1971765,1.934512,-0.80315566,2.02,-2.24,2.0798624,-2.7677097,1.0000006,-1.0
0.0,0.0,0.22146894,0.033021744,-0.6,-0.009854539,-0.5428923,-0.608,1.8235466,-0.6779907,0.54271805,-1.7349385,1.2458051,1.8455012,-0.85106677,1.92,-2.2354693,2.0778716,-2.825957,1.0000005,-1.0
0.0,0.0,0.20293601,0.053021744,-0.6,0.010524569,-0.46918073,-0.50799996,1.8076177,-0.77799064,0.5680546,-1.6708434,1.2683748,1.7467486,-0.891371,1.8317584,-2.1978407,1.9841143,-2.8877015,1.0000002,-1.0
0.0,0.0,0.18434821,0.07302174,-0.6,0.058041077,-0.38933694,-0.40799996,1.7984289,-0.87799066,0.5914776,-1.5714124,1.2819461,1.6467533,-0.9308253,1.7748176,-2.1536553,1.8841379,-2.9463456,1.0000001,-1.0
0.0,0.0,0.16446824,0.09302174,-0.6,0.092808284,-0.31033868,-0.30799994,1.7970616,-0.9779906,0.6244359,-1.4714147,1.2877436,1.5467533,-0.9755471,1.6831726,-2.0988147,1.784138,-3.0067804,1.0,-1.0
0.0,0.0,0.14679934,0.11302175,-0.6,0.12925392,-0.22539923,-0.20799996,1.8028909,-1.0779907,0.65532005,-1.3714147,1.285125,1.4467533,-1.0166286,1.5832331,-2.0433974,1.684138,-3.058575,1.0,-1.0
0.0,0.0,0.12957829,0.12483881,-0.6,0.18451723,-0.1447132,-0.1370017,1.8127775,-1.1559374,0.6766606,-1.2714146,1.2769967,1.3467532,-1.054138,1.4832333,-1.9861673,1.6370772,-3.105603,1.0,-1.0
0.0,0.0,0.10961337,0.10897985,-0.6,0.25300106,-0.11003477,-0.09343123,1.8182173,-1.0876211,0.68328357,-1.1714146,1.2718242,1.2467533,-1.0707335,1.509361,-1.9581525,1.5709025,-3.1269698,1.0,-1.0
0.0,0.0,0.0896135,0.089170314,-0.6,0.3238186,-0.079655536,-0.06631212,1.8213725,-0.98774576,0.6760889,-1.0714146,1.267155,1.153878,-1.0787109,1.5648711,-1.9397928,1.4962645,-3.1406732,1.0,-1.0
0.0,0.0,0.069613494,0.06917259,-0.6,0.3939236,0.008021146,-0.05065461,1.8150502,-0.8877463,0.582407,-0.9714146,1.2614542,1.0581142,-1.0563668,1.6047941,-1.942067,1.4219872,-3.1415892,1.0,-1.0
0.0,0.0,0.049613494,0.0491726,-0.6,0.44583705,0.09188944,-0.0517035,1.8111913,-0.82084113,0.49091193,-0.88224286,1.2552518,0.99706817,-1.035143,1.6148497,-1.9440953,1.3697656,-3.1415927,1.0,-1.0
0.0,0.0,0.029613497,0.0291726,-0.6,0.46797538,0.15883794,-0.059961926,1.8099203,-0.82289636,0.41544,-0.84497607,1.2492777,0.99328804,-1.0182549,1.6011714,-1.9447577,1.3574277,-3.1415927,1.0,-1.0
0.0,0.0,0.009613496,0.009172599,-0.6,0.48699817,0.21421432,-0.06709368,1.8104314,-0.8253291,0.35353437,-0.8141826,1.2433596,0.99044925,-1.004735,1.5892789,-1.9445028,1.3472452,-3.1415837,1.0,-1.0
0.0,0.0,7.2361494e-05,6.4358224e-05,-0.6,0.48778275,0.21653974,-0.06740047,1.8105223,-0.82551116,0.35093766,-0.81296194,1.2430356,0.99040157,-1.0041783,1.5887756,-1.9444815,1.3468997,-3.1415627,1.0,-1.0
0.0,0.0,2.7337398e-07,2.431385e-07,-0.6,0.48778576,0.21654873,-0.06740155,1.8105227,-0.8255117,0.3509276,-0.81295747,1.2430342,0.9904012,-1.0041761,1.5887738,-1.9444814,1.3468986,-3.1415625,1.0,-1.0
0.0,0.0,1.0327778e-09,9.185513e-10,-0.6,0.48778576,0.21654876,-0.06740155,1.8105227,-0.8255117,0.35092756,-0.81295747,1.2430342,0.9904012,-1.0041761,1.5887738,-1.9444814,1.3468986,-3.1415625,1.0,-1.0
0.0,0.0,3.9017123e-12,3.4701768e-12,-0.6,0.48778576,0.21654876,-0.06740155,1.8105227,-0.8255117,0.35092756,-0.81295747,1.2430342,0.9904012,-1.0041761,1.5887738,-1.9444814,1.3468986,-3.1415625,1.0,-1.0
0.0,0.0,0.000448,0.000448,-0.6,0.49002576,0.21430875,-0.06516155,1.808509,-0.8277517,0.34868756,-0.81071746,1.2442888,0.9926412,-1.0019361,1.5865339,-1.9467214,1.3457053,-3.1393225,1.0,-1.0
0.0,0.0,0.018407738,0.017025135,-0.6,0.5776647,0.17367879,0.024637133,1.7945855,-0.88118505,0.32458866,-0.7209188,1.2611328,0.94866014,-0.9756021,1.4967352,-1.9901272,1.3374277,-3.1099424,1.0,-1.0
0.0,0.0,0.030926287,0.030310353,-0.6,0.5938595,0.19623804,0.10838573,1.7995316,-0.8037528,0.3321731,-0.7073885,1.2554762,0.84937906,-0.984684,1.3967737,-1.9755415,1.3037281,-3.1203794,1.0,-1.0
0.0,0.0,0.011995943,0.011645297,-0.6,0.6509077,0.21578221,0.104764745,1.8063331,-0.7086176,0.33703023,-0.6096633,1.2472715,0.75149465,-0.99547714,1.363911,-1.9559641,1.242659,-3.1339135,1.0,-1.0
0.0,0.0,0.00020720594,0.00020338148,-0.6,0.6833864,0.2246323,0.087481976,1.8097428,-0.6479408,0.33922902,-0.5283779,1.2431252,0.7105861,-1.0003521,1.348231,-1.9469917,1.2042683,-3.1398451,1.0,-1.0
0.0,0.0,7.828019e-07,7.683535e-07,-0.6,0.6840143,0.22482397,0.08700758,1.8098171,-0.6471073,0.33927447,-0.52570707,1.2430346,0.71009463,-1.0004562,1.3477608,-1.946799,1.2035263,-3.1399715,1.0,-1.0
0.0,0.0,2.9573421e-09,2.9027576e-09,-0.6,0.6840167,0.22482468,0.087005794,1.8098173,-0.6471042,0.33927464,-0.52569693,1.2430342,0.7100928,-1.0004566,1.347759,-1.9467983,1.2035234,-3.139972,1.0,-1.0
0.0,0.0,1.1172532e-11,1.0966316e-11,-0.6,0.6840167,0.2248247,0.08700579,1.8098173,-0.64710414,0.33927464,-0.52569693,1.2430342,0.7100927,-1.0004566,1.347759,-1.9467983,1.2035234,-3.139972,1.0,-1.0
0.0,0.0,4.221761e-14,4.143855e-14,-0.6,0.6840167,0.2248247,0.08700579,1.8098173,-0.64710414,0.33927464,-0.52569693,1.2430342,0.7100927,-1.0004566,1.347759,-1.9467983,1.2035234,-3.139972,1.0,-1.0
0.0,0.0,1.6847063e-16,1.6552743e-16,-0.6,0.6840167,0.2248247,0.08700579,1.8098173,-0.64710414,0.33927464,-0.52569693,1.2430342,0.7100927,-1.0004566,1.347759,-1.9467983,1.2035234,-3.139972,1.0,-1.0
0.0,0.0,9.613474e-18,9.602355e-18,-0.6,0.6840167,0.2248247,0.08700579,1.8098173,-0.64710414,0.33927464,-0.52569693,1.2430342,0.7100927,-1.0004566,1.347759,-1.9467983,1.2035234,-3.139972,1.0,-1.0
0.0,0.0,9.013329e-18,9.013287e-18,-0.6,0.6840167,0.2248247,0.08700579,1.8098173,-0.64710414,0.33927464,-0.52569693,1.2430342,0.7100927,-1.0004566,1.347759,-1.9467983,1.2035234,-3.139972,1.0,-1.0
0.0,0.0,0.000448,0.000448,-0.6,0.6862567,0.2225847,0.0891111,1.808059,-0.64934415,0.33769915,-0.52345693,1.2450112,0.7078527,-0.99821657,1.3499991,-1.9490384,1.2012835,-3.1377318,1.0000004,-1.0
0.0,0.0,0.018407738,0.018407738,-0.6,0.7275987,0.19889975,0.03870672,1.7995521,-0.67294383,0.3295361,-0.43365824,1.2552655,0.6819223,-0.9842434,1.4103936,-1.9752921,1.1753594,-3.120596,0.9987515,-1.0
0.0,0.0,0.020857614,0.020946406,-0.6,0.7668959,0.20590791,0.011878565,1.801879,-0.57513857,0.33125398,-0.33369678,1.2524644,0.59631747,-0.98799896,1.3836766,-1.9685456,1.1268312,-3.125316,0.9824061,-1.0
0.0,0.0,0.015102676,0.015150094,-0.6,0.79819596,0.21190289,-0.02077062,1.8039074,-0.5031518,0.33238983,-0.23369692,1.2499925,0.53332925,-0.99111694,1.3449295,-1.962756,1.0878549,-3.1293046,0.92670685,-1.0
0.0,0.0,0.011414505,0.011441543,-0.6,0.8215567,0.21565025,-0.057884753,1.8052464,-0.4771715,0.33321598,-0.13369691,1.248364,0.51395845,-0.99312824,1.2991295,-1.9590436,1.0572698,-3.1318266,0.8311775,-1.0
0.0,0.0,0.009833755,0.009853667,-0.6,0.8420797,0.21721724,-0.09616086,1.805834,-0.46962562,0.3336289,-0.03369692,1.2476523,0.5132988,-0.9940081,1.2506932,-1.9574381,1.0282235,-3.1329088,0.7242011,-1.0
0.0,0.0,0.009739611,0.009759171,-0.6,0.8473812,0.21730827,-0.10817756,1.8058695,-0.46897408,0.3336569,0.00036133194,1.2476096,0.51460063,-0.99406165,1.2347825,-1.9573417,1.0194626,-3.1329737,0.667104,-1.0
0.0,0.0,0.009740302,0.009759845,-0.6,0.84695244,0.21744661,-0.10778298,1.805858,-0.4692152,0.33346233,8.0239086e-05,1.24761,0.5146686,-0.9939999,1.2351573,-1.9573803,1.0198737,-3.1329467,0.65398616,-1.0
0.0,0.0,0.0092897555,0.010205335,-0.6,0.85027695,0.21963727,-0.10662609,1.8043983,-0.4676762,0.33577564,-0.0010746993,1.2494195,0.51804614,-0.9962643,1.2363148,-1.9551235,1.0210291,-3.1348612,0.6445461,-1.0
0.0,0.0,-0.008672642,0.028162451,-0.6,0.94120914,0.30942535,-0.052956194,1.8549501,-0.39084074,0.40324876,-0.089739904,1.1693852,0.60815734,-1.0605606,1.3249801,-1.8653184,1.1096944,-3.1415644,0.63865423,-1.0
0.0,0.0,-0.028664943,0.040680993,-0.6,1.0411749,0.39939845,-0.036186192,1.8812721,-0.46491733,0.38264662,-0.18391062,1.1107224,0.57133853,-1.0703529,1.3759432,-1.8183215,1.2096515,-3.1415925,0.63441694,-1.0
0.0,0.0,-0.048664916,0.021750648,-0.6,1.1411747,0.45589867,-0.07768551,1.8726689,-0.4575997,0.28351435,-0.10325228,1.1223166,0.47446823,-1.03091,1.3445648,-1.8421297,1.3096514,-3.1415927,0.63072443,-1.0
0.0,0.0,-0.059842788,0.0017546889,-0.6,1.2366947,0.50604665,-0.11981803,1.8635828,-0.45242473,0.18351763,-0.007805347,1.1401377,0.37660688,-0.9920185,1.3049926,-1.8689427,1.4096513,-3.1415927,0.62802464,-1.0
0.0,0.0,-0.07847405,-0.014906324,-0.6,1.1570973,0.6007064,-0.21360236,1.8968246,-0.48890102,0.13268548,-0.08740299,1.083656,0.29314828,-0.9909095,1.3347355,-1.8324329,1.4607017,-3.1415927,0.6262014,-1.0
0.0,0.0,-0.09846888,-0.034143172,-0.6,1.1046703,0.6787007,-0.31357887,1.9017746,-0.39199117,0.03587198,-0.18732591,1.0820726,0.28753132,-0.9520206,1.4343357,-1.8451686,1.4073519,-3.1415927,0.62540644,-1.0
0.0,0.0,-0.114131264,-0.05414029,-0.6,1.1361896,0.7212712,-0.4135788,1.8899218,-0.29200286,-0.064115986,-0.1349745,1.1125385,0.19752023,-0.9098567,1.5343342,-1.8788041,1.3834373,-3.1415927,0.62507427,-1.0
0.0,0.0,-0.10421555,-0.07414028,-0.6,1.1735877,0.6908825,-0.5135788,1.8620435,-0.19200289,-0.12178652,-0.05823378,1.161709,0.097557954,-0.88480437,1.6343342,-1.9256634,1.3592247,-3.1326268,0.62500113,-1.0
