state_0,state_1,state_2,state_3,state_4,state_5,state_6,state_7,state_8,state_9,state_10,state_11,state_12,state_13,state_14,state_15,state_16,state_17,state_18,state_19,state_20,state_21,state_22,state_23,state_24,state_25,state_26,state_27,state_28,state_29,state_30
0.018257216,0.01825725,0.00011348083,-0.00028994158,-0.5999691,-0.37563673,0.4690926,-1.7981676,1.7981454,0.0018893399,-0.0018990268,-1.3425452,1.2449249,1.0007094,-0.89245963,2.0212786,-2.0104916,3.08971,-3.0916495,4.174697e-06,-8.09885e-06,2.5658667e-06,-1.4874968e-06,-1.8485051e-06,-9.3905965e-06,3.5244777e-06,-4.2000584e-10,6.222833e-07,2.4975833e-07,1.596191e-06,-1.4405556e-06
0.0022636736,0.0022581709,0.017093448,-0.017099721,-0.59996456,-0.4603988,0.38906255,-1.714065,1.7753222,0.085882835,-0.08188391,-1.2585151,1.2753036,1.0847212,-0.8312857,2.1052856,-2.0938306,3.005715,-3.017647,0.0038741855,-0.003877157,0.003857357,-0.0038536587,-1.6728379e-06,4.4114165e-07,8.7062625e-07,-6.068399e-11,-0.0038496857,0.0038556433,-3.881168e-06,-1.919232e-06
0.0022636736,0.0022581709,0.037060156,-0.03709902,-0.5999729,-0.46586087,0.31186387,-1.6141362,1.7664979,0.18580009,-0.12561487,-1.1585935,1.2874337,1.1846625,-0.7861804,2.2052119,-2.1561875,2.9058077,-2.9581609,0.04232998,-0.04233003,0.04232285,-0.042319153,-9.106772e-07,1.8125237e-07,6.9592573e-07,-7.1825615e-11,-0.04231729,0.04231977,-2.1847013e-06,-1.411307e-06
0.0022636736,0.0022581709,0.05701695,-0.057065748,-0.5999586,-0.36700368,0.22506186,-1.5141351,1.7648011,0.22514153,-0.1573299,-1.0585952,1.2903466,1.284639,-0.7373302,2.2397864,-2.209474,2.8057935,-2.8943996,0.16562729,-0.16564013,0.16562207,-0.16561505,-1.3307277e-06,2.45577e-07,8.13707e-07,-8.340395e-11,-0.16561322,0.16561507,-3.2838761e-06,-1.8234698e-06
0.0022636736,0.0022581709,0.07722339,-0.07717813,-0.6000048,-0.26728424,0.13604674,-1.4141194,1.7698399,0.12817915,-0.16831386,-0.9630561,1.2723352,1.3846327,-0.68597215,2.2399912,-2.2396004,2.7057877,-2.8244598,0.38057762,-0.38058466,0.38056803,-0.38056347,-1.4351223e-06,-3.5114447e-06,1.9273737e-06,-2.0187153e-10,-0.38056383,0.3805639,-7.682806e-08,-2.7851945e-06
0.0022636736,0.0022581709,0.09734921,-0.08449372,-0.60001194,-0.16725485,0.03624076,-1.3141626,1.7757316,0.028198708,-0.10207972,-1.037664,1.2503859,1.4846281,-0.67668504,2.2399943,-2.2399828,2.6057808,-2.7929819,0.6049739,-0.604967,0.60495913,-0.6049586,-6.3984487e-07,7.217038e-08,4.917089e-07,-5.4172077e-11,-0.60495836,0.60495925,-1.4842632e-06,-9.429203e-07
0.0022636736,0.0022581709,0.11712157,-0.06946458,-0.59999156,-0.06725565,-0.06384221,-1.2141628,1.7823886,-0.07180591,-0.009314938,-1.1375637,1.2362202,1.5846267,-0.6874389,2.24,-2.239994,2.505784,-2.7811108,0.7428569,-0.74285173,0.7428451,-0.7428461,-8.7054485e-07,9.697134e-08,7.126497e-07,-8.07812e-11,-0.7428466,0.74284613,-1.9482989e-06,-1.3613858e-06
0.0022636736,0.0022581709,0.13714893,-0.06013757,-0.59998304,0.032712527,-0.16385008,-1.1141386,1.7948731,-0.17188914,0.0715727,-1.2376292,1.2126713,1.6844462,-0.69016075,2.2397733,-2.239988,2.4056625,-2.7590983,0.7903772,-0.79036635,0.7903015,-0.79037094,-1.1164742e-06,1.2043702e-07,9.84869e-07,-1.0268982e-10,-0.79042053,0.7904054,-2.4476567e-06,-1.8454219e-06
0.0022636736,0.0022581709,0.15716234,-0.04811368,-0.5999892,0.09067968,-0.26384097,-1.014122,1.8047719,-0.27190247,0.15698558,-1.3376849,1.1990685,1.784153,-0.70635337,2.2394402,-2.2399898,2.3054554,-2.7478287,0.79914254,-0.7990795,0.798947,-0.7990925,-6.835609e-07,2.513844e-07,3.409766e-07,-4.0012795e-11,-0.7991673,0.79916704,-1.7130305e-06,-7.6501993e-07
0.0022636736,0.0022581709,0.17722398,-0.028218206,-0.59999937,0.06751667,-0.35478988,-0.9141017,1.8126174,-0.3719482,0.25683945,-1.4377469,1.1986179,1.8840117,-0.7363388,2.2218504,-2.2399893,2.2053561,-2.754385,0.79997617,-0.79994917,0.79978085,-0.7999668,-6.42038e-07,2.2350926e-07,3.4066096e-07,-3.5747214e-11,-0.80009836,0.8000636,-1.7235715e-06,-7.4550815e-07
0.0022636736,0.0022581709,0.19709781,-0.008262177,-0.6000245,-0.012959047,-0.44524845,-0.8141086,1.825752,-0.4719582,0.35683894,-1.537745,1.1936096,1.9787673,-0.7655049,2.1252434,-2.2399893,2.1063223,-2.7567239,0.8000013,-0.7999848,0.79981196,-0.8000002,-6.870361e-07,2.5590438e-07,3.2855004e-07,-3.564487e-11,-0.8001413,0.8001011,-1.7348345e-06,-7.2586323e-07
0.0022636736,0.0022581709,0.21697213,0.0118909385,-0.59995604,-0.010807683,-0.53052634,-0.71412534,1.8387206,-0.57198757,0.4568393,-1.6377255,1.1951853,1.9386021,-0.80011445,2.0252185,-2.2399898,2.079876,-2.7652707,0.80000126,-0.7999876,0.79981357,-0.8000003,-1.726814e-07,3.410522e-07,-9.797811e-08,1.112461e-11,-0.80014735,0.800105,1.05087544e-07,3.74439e-08
0.0022636736,0.0022581709,0.22206484,0.03180291,-0.59999454,-0.009138867,-0.5459197,-0.6141401,1.8245283,-0.6720186,0.54074895,-1.7326932,1.2441083,1.8506243,-0.84909916,1.9251896,-2.2367043,2.0803127,-2.822885,0.8000018,-0.7999867,0.7998155,-0.7999999,9.978654e-06,-1.5692868e-06,-1.9332491e-07,1.0382539e-11,-0.80015165,0.8001082,-3.3127806e-06,2.168117e-06
0.0022636736,0.0022581709,0.20402966,0.05176147,-0.600016,0.006772904,-0.47445863,-0.51414305,1.8085229,-0.7720376,0.5677003,-1.676786,1.267256,1.752546,-0.88935775,1.8339751,-2.2000966,1.9901254,-2.8842323,0.8000017,-0.7999889,0.7998181,-0.79999983,1.1098898e-05,-2.1134142e-06,-6.394946e-08,2.0418845e-12,-0.80015355,0.8001091,-4.3682107e-06,2.4789456e-06
0.0022636736,0.0022581709,0.18554999,0.07177045,-0.6000089,0.055471886,-0.39345163,-0.41414243,1.7986692,-0.87205946,0.5884661,-1.5776774,1.2812953,1.6526755,-0.92772764,1.7781898,-2.1569314,1.8902028,-2.9423969,0.80000186,-0.79999,0.79981786,-0.79999983,1.2636622e-05,-2.4273006e-06,-1.2559244e-07,3.702724e-12,-0.8001556,0.8001095,-4.4797757e-06,2.8105012e-06
0.0022636736,0.0022581709,0.16556878,0.09181452,-0.59999317,0.0908222,-0.31611615,-0.31414446,1.7969218,-0.9720834,0.6218747,-1.4776478,1.2876185,1.5527964,-0.97260445,1.6881852,-2.102478,1.7902384,-3.0030446,0.80000216,-0.7999902,0.7998179,-0.8000003,1.2113576e-05,-2.6961607e-06,-1.5025005e-07,-1.9263337e-12,-0.80015767,0.80011,-3.278513e-06,2.604462e-06
0.0022636736,0.0022581709,0.14771317,0.11177173,-0.6000085,0.12659942,-0.23035327,-0.21414363,1.8024275,-1.072106,0.65395844,-1.3776106,1.2854588,1.4529177,-1.0143969,1.588246,-2.04657,1.6902533,-3.0557775,0.8000026,-0.79999024,0.7998171,-0.80000013,1.16787305e-05,-2.395284e-06,-1.0490609e-07,1.1624821e-11,-0.8001591,0.8001101,-4.0753916e-06,2.6342739e-06
0.0022636736,0.0022581709,0.13043581,0.12548389,-0.59996307,0.18084528,-0.14928551,-0.13968793,1.8121667,-1.1538352,0.6756944,-1.2775794,1.2775563,1.352994,-1.0520369,1.4882019,-1.989549,1.6390339,-3.1029325,0.8000021,-0.79998547,0.799818,-0.7999999,1.1354928e-05,-2.0454088e-06,-2.1344401e-07,1.19417965e-11,-0.80015445,0.8001093,-3.4394989e-06,2.5236955e-06
0.0022636736,0.0022581709,0.11086472,0.11019199,-0.59999585,0.24859752,-0.111487284,-0.095598474,1.8179595,-1.094042,0.68304276,-1.1775498,1.272079,1.2530779,-1.0699762,1.5041788,-1.9594707,1.5754383,-3.1259818,0.8000018,-0.799979,0.7998175,-0.80000013,5.222397e-06,-1.1063474e-06,-4.039888e-08,4.0366664e-12,-0.80015105,0.8001092,-1.849133e-06,1.1863831e-06
0.0022636736,0.0022581709,0.090826824,0.09042152,-0.59999454,0.31942323,-0.08308531,-0.067687444,1.8214691,-0.9942413,0.6789272,-1.0775313,1.2674719,1.1598282,-1.0790706,1.5606445,-1.9403391,1.5008063,-3.1401827,0.80000174,-0.79997915,0.79981685,-0.80000025,4.307353e-06,-9.1823597e-07,-3.9598856e-08,3.7775807e-12,-0.8001513,0.8001094,-1.4358845e-06,9.644916e-07
0.0022636736,0.0022581709,0.070853494,0.07041595,-0.5999977,0.3896084,0.0023917186,-0.051343404,1.8154036,-0.89423805,0.5885304,-0.97751135,1.2618337,1.0644994,-1.0578207,1.6015592,-1.9418805,1.4264845,-3.141572,0.80000156,-0.7999793,0.79981625,-0.80000025,4.034007e-06,-8.348604e-07,-5.2404403e-08,5.0654884e-12,-0.8001511,0.8001093,-1.2533457e-06,8.9438527e-07
0.0022636736,0.0022581709,0.04949978,0.053197134,-0.59871644,0.4447055,0.08741715,-0.051307376,1.8113574,-0.8217745,0.49583322,-0.88597554,1.2555993,0.9980064,-1.0362645,1.6144427,-1.9440135,1.3708202,-3.141575,0.80000156,-0.7999783,0.79981583,-0.7999999,-6.319713e-08,3.380238e-08,5.7097783e-08,-5.6612857e-12,-0.8001505,0.8001089,-2.8438637e-07,-1.7276173e-07
0.0022636736,0.0022581709,0.030501021,0.03125047,-0.5996086,0.46675763,0.1547679,-0.059493992,1.8099445,-0.82305115,0.42002323,-0.8472152,1.2496724,0.99387723,-1.0192643,1.6008912,-1.9447423,1.3580778,-3.1415753,0.80000156,-0.79997855,0.799816,-0.7999996,2.466898e-06,-3.3222105e-07,-6.8272165e-08,7.119296e-12,-0.80015016,0.8001088,-8.336217e-07,5.615701e-07
0.0022636736,0.0022581709,0.010902648,0.010424706,-0.59999037,0.4865171,0.2128773,-0.06691009,1.8103976,-0.82556117,0.35505125,-0.8148233,1.2435242,0.9909407,-1.0050594,1.5884421,-1.9445198,1.3474001,-3.1415763,0.80000174,-0.79997784,0.7998161,-0.7999996,1.8668788e-06,-5.610462e-07,-7.871381e-09,6.443704e-13,-0.8001498,0.80010873,-5.196576e-07,4.112947e-07
0.0022636736,0.0022581709,0.00013219225,9.822e-05,-0.6000005,0.48775968,0.21653964,-0.06739846,1.8105149,-0.825821,0.35094392,-0.81284183,1.2430445,0.99084055,-1.0041851,1.587637,-1.9444902,1.3468198,-3.1415763,0.80000174,-0.79997796,0.7998162,-0.7999996,6.727113e-07,-1.5815094e-07,4.8802824e-09,-5.8705964e-13,-0.80014974,0.8001087,-2.673898e-07,1.564827e-07
0.0022636736,0.0022581709,5.3759018e-06,2.321257e-06,-0.5999987,0.4877634,0.21654996,-0.067400396,1.8105149,-0.82582057,0.35092857,-0.81283313,1.2430432,0.99083996,-1.0041844,1.5876327,-1.9444901,1.3468181,-3.1415763,0.80000174,-0.7999779,0.7998163,-0.7999996,2.7665113e-08,-1.482319e-08,1.9694908e-09,-3.0921888e-13,-0.80014974,0.80010873,-2.2914174e-08,5.800118e-09
0.0022636736,0.0022581709,-1.2178734e-07,3.0363324e-06,-0.5999987,0.4877634,0.21654919,-0.06740043,1.8105149,-0.82582057,0.3509284,-0.8128331,1.2430432,0.99084,-1.0041844,1.5876325,-1.9444901,1.3468181,-3.1415763,0.80000174,-0.7999779,0.79981625,-0.7999996,-4.3117554e-09,-1.1412892e-08,2.3808908e-09,-1.4947836e-13,-0.80014974,0.80010873,-2.6522744e-09,-2.5535922e-09
0.0022636736,0.0022581709,-4.998835e-09,3.000011e-06,-0.5999987,0.4877634,0.21654917,-0.06740042,1.8105149,-0.8258206,0.3509284,-0.81283313,1.2430432,0.99083996,-1.0041844,1.5876325,-1.9444901,1.3468181,-3.1415763,0.8000018,-0.7999779,0.79981625,-0.7999996,-4.0172563e-09,-1.1479288e-08,2.3179518e-09,-3.8655784e-13,-0.8001497,0.8001087,-2.417401e-09,-2.3281608e-09
0.0022636736,0.0022581709,0.00011272527,-5.59081e-05,-0.6001328,0.48882294,0.21557447,-0.066366374,1.8095397,-0.82689714,0.34985328,-0.81176466,1.2436693,0.99191,-1.003106,1.586569,-1.9455543,1.3462265,-3.1404974,0.8000019,-0.7999806,0.7998154,-0.8000003,-4.5417352e-07,-3.5114267e-06,1.1736225e-06,-1.2761382e-10,-0.80015105,0.8001088,2.5995826e-06,-8.362911e-07
0.0022636736,0.0022581709,0.017254837,0.016556526,-0.5997618,0.5726988,0.17465377,0.018554177,1.7949431,-0.8843768,0.32484618,-0.7269352,1.2606986,0.954886,-0.9762367,1.5017412,-1.9889588,1.3409749,-3.1107688,0.8000025,-0.79999036,0.7998134,-0.80000025,-3.9175734e-07,6.697541e-08,3.372414e-07,-3.885847e-11,-0.8001587,0.8001098,-5.683173e-07,-6.738117e-07
0.0022636736,0.0022581709,0.03245346,0.030578887,-0.6000452,0.5903104,0.19385363,0.105969734,1.7986989,-0.80876,0.33148718,-0.7119866,1.2564652,0.8560709,-0.98322904,1.4017776,-1.9780842,1.3063122,-3.1185584,0.8000019,-0.7999834,0.79981565,-0.79999995,1.9266523e-05,-2.870126e-06,-4.3819028e-07,5.292945e-11,-0.80015033,0.8001074,-6.467917e-06,4.396161e-06
0.0022636736,0.0022581709,0.013135132,0.0129149845,-0.5999862,0.6476811,0.21495643,0.10572411,1.8060308,-0.715087,0.33685133,-0.6156296,1.247641,0.7575591,-0.9950301,1.3634871,-1.9567839,1.246256,-3.1333623,0.8000022,-0.79997563,0.79981667,-0.7999997,3.4591803e-06,-8.3603095e-07,-3.2707614e-08,4.071951e-12,-0.8001464,0.8001064,-9.754457e-07,7.469035e-07
0.0022636736,0.0022581709,0.00018808842,0.00040359012,-0.5999681,0.68301535,0.2245256,0.08763835,1.8096972,-0.64859354,0.33920068,-0.5298014,1.2431818,0.711502,-1.0002857,1.3473129,-1.9471107,1.2045038,-3.1397653,0.80000335,-0.7999728,0.79981756,-0.8000001,1.0561264e-06,-3.0491947e-07,2.3755353e-08,-3.3147367e-12,-0.8001419,0.800106,-5.362536e-07,2.5535584e-07
0.0022636736,0.0022581709,-0.0001344554,7.210259e-05,-0.5999692,0.68403167,0.22482528,0.08681838,1.8098086,-0.6471763,0.3392736,-0.5255416,1.2430434,0.71067566,-1.0004473,1.3465306,-1.9468077,1.2032993,-3.1399536,0.80000347,-0.79997146,0.7998184,-0.8000001,1.2217373e-07,-3.8480238e-08,3.5921033e-09,-5.641585e-13,-0.8001398,0.80010617,-4.9944965e-08,2.9356062e-08
0.0022636736,0.0022581709,-0.00013541116,7.460793e-05,-0.5999667,0.6840344,0.22482476,0.08681462,1.8098086,-0.647167,0.33927414,-0.5255263,1.2430431,0.71067023,-1.0004478,1.3465252,-1.946807,1.2032955,-3.139954,0.8000034,-0.7999714,0.7998184,-0.8000001,1.964409e-08,-8.0415e-09,-2.7853775e-11,7.140647e-14,-0.8001397,0.80010617,1.722245e-09,4.5724877e-09
0.0022636736,0.0022581709,-0.0001353251,7.482211e-05,-0.5999666,0.68403447,0.22482476,0.0868147,1.8098086,-0.64716667,0.33927414,-0.52552646,1.2430431,0.71067,-1.0004478,1.3465253,-1.946807,1.2032955,-3.139954,0.80000335,-0.7999714,0.79981846,-0.8000001,2.8483196e-08,-7.504123e-09,-2.9563482e-10,8.93965e-14,-0.8001396,0.8001062,4.557934e-09,4.195297e-09
0.0022636736,0.0022581709,-0.0001353682,7.463892e-05,-0.5999667,0.68403435,0.22482476,0.086814545,1.8098086,-0.647167,0.33927414,-0.5255262,1.2430431,0.71067023,-1.0004478,1.3465254,-1.946807,1.2032955,-3.139954,0.80000335,-0.79997134,0.7998184,-0.8000001,1.9159717e-08,-8.425122e-09,1.3915408e-10,-2.3752593e-14,-0.8001398,0.80010617,1.3988259e-09,3.733189e-09
0.0022636736,0.0022581709,-0.00013291622,6.790142e-05,-0.5999698,0.6840332,0.22482468,0.08681722,1.809809,-0.64717406,0.3392742,-0.52552444,1.2430428,0.7106706,-1.0004478,1.3465266,-1.946807,1.2032954,-3.139954,0.8000033,-0.7999716,0.7998184,-0.8000001,2.7744445e-08,-9.052046e-09,-2.985948e-10,8.198127e-15,-0.8001398,0.80010617,3.5681529e-09,4.4543818e-09
0.0022636736,0.0022581709,-0.00013301392,6.754342e-05,-0.59997004,0.6840332,0.22482468,0.08681726,1.809809,-0.64717466,0.33927423,-0.5255244,1.2430428,0.7106706,-1.0004478,1.3465264,-1.946807,1.2032954,-3.139954,0.8000034,-0.7999714,0.7998183,-0.8000001,2.2028503e-08,-7.2555086e-09,1.821178e-10,-4.758316e-14,-0.8001398,0.8001062,1.7735693e-09,3.440047e-09
0.0022636736,0.0022581709,-0.0001328921,6.789142e-05,-0.59996986,0.6840331,0.22482473,0.08681723,1.809809,-0.64717436,0.33927423,-0.52552444,1.2430428,0.71067053,-1.0004478,1.3465264,-1.946807,1.2032954,-3.139954,0.8000034,-0.7999714,0.7998184,-0.8000001,2.107225e-08,-8.476991e-09,1.3300427e-10,3.5634798e-14,-0.8001398,0.8001061,9.063743e-10,3.923984e-09
0.0022636736,0.0022581709,-2.3016833e-05,-8.25157e-05,-0.6001497,0.68505573,0.22380163,0.08777792,1.8089339,-0.648321,0.33849284,-0.524456,1.2440052,0.70957017,-0.99937946,1.3475918,-1.9478714,1.202223,-3.1388948,0.8000027,-0.799972,0.79981685,-0.8,-4.929324e-07,-2.2509116e-06,8.928239e-07,-9.999695e-11,-0.8001424,0.800106,1.4093298e-06,-7.9818363e-07
0.0022636736,0.0022581709,0.017024212,0.018389381,-0.59942275,0.72550684,0.19880691,0.040387448,1.7995725,-0.6769661,0.32954264,-0.43972096,1.2552391,0.6873699,-0.98428994,1.409794,-1.9751886,1.1784987,-3.1206691,0.79932255,-0.80013436,0.7994103,-0.79950124,-1.6413671e-07,8.825077e-08,9.8689135e-08,-1.0286189e-11,-0.7998553,0.7995799,-3.6666722e-07,-2.5784928e-07
0.0022636736,0.0022581709,0.021094142,0.021413822,-0.59997576,0.76458216,0.20545243,0.013655646,1.8017308,-0.58125216,0.3311396,-0.33990127,1.2526445,0.60173744,-0.987755,1.3852185,-1.968983,1.1295192,-3.1250114,0.79305154,-0.7929701,0.79295343,-0.7929664,9.3901826e-07,-1.9674141e-07,-1.3836795e-08,1.24124e-12,-0.79291576,0.7929709,-2.35381e-07,1.8641045e-07
0.0022636736,0.0022581709,0.015403601,0.015470042,-0.59999406,0.7965327,0.21159229,-0.01858796,1.8037992,-0.50613195,0.33233356,-0.2398893,1.2501247,0.5358614,-0.9909523,1.3475769,-1.9630595,1.089961,-3.1290963,0.7706919,-0.7706932,0.7706926,-0.7706929,1.5665661e-06,-3.282091e-07,-1.9424123e-08,2.9411326e-12,-0.7706933,0.77069294,-4.6692284e-07,3.433042e-07
0.0022636736,0.0022581709,0.011280073,0.011692903,-0.5999719,0.8201983,0.21542574,-0.055530753,1.8051854,-0.4780741,0.3331763,-0.13977763,1.2484411,0.5151327,-0.9930312,1.3008935,-1.9592192,1.058707,-3.1317081,0.73248726,-0.7324842,0.73248535,-0.7324855,-2.6645145e-08,-2.981636e-09,2.625276e-08,-2.4166795e-12,-0.73248506,0.7324855,-1.1449947e-07,-6.752257e-08
0.0022636736,0.0022581709,0.0096853925,0.009972598,-0.5999552,0.8408523,0.21720836,-0.093734026,1.8058133,-0.46947214,0.33361992,-0.039226238,1.2476732,0.5170895,-0.99397737,1.2473289,-1.9574816,1.0276994,-3.1328733,0.6900155,-0.69048095,0.6897455,-0.68968415,-2.728332e-07,1.0282024e-09,1.8578523e-07,-2.0000796e-11,-0.68958133,0.68965447,-3.976284e-07,-2.9394678e-07
0.0022636736,0.0022581709,0.0096270265,0.010849306,-0.5995132,0.84770375,0.21726881,-0.10808871,1.8058709,-0.4655834,0.33366746,0.0016516937,1.2476121,0.5115587,-0.99406165,1.2375586,-1.9573416,1.0209545,-3.1329613,0.6700881,-0.6796249,0.6685359,-0.66684574,7.614057e-09,6.9696966e-08,3.8647954e-08,-2.8429685e-12,-0.668089,0.6664441,-6.275087e-08,-8.145571e-08
0.0022636736,0.0022581709,0.009527578,0.010857596,-0.5995132,0.8476982,0.21740678,-0.10805358,1.8058602,-0.4656808,0.33347344,0.00255046,1.247609,0.51266307,-0.9939963,1.2355809,-1.9573728,1.0203632,-3.132955,0.66609156,-0.67717636,0.66370004,-0.6615969,-3.9517253e-08,1.5741291e-07,3.251301e-08,-2.8872612e-12,-0.6630092,0.6610981,-1.5257623e-07,-1.2008772e-07
0.0022636736,0.0022581709,0.009075446,0.009857166,-0.600104,0.8490968,0.2181441,-0.10752005,1.8051193,-0.47030848,0.3345993,0.002638239,1.2485077,0.5157271,-0.9950844,1.2342093,-1.9562978,1.0202413,-3.133893,0.6658211,-0.6733332,0.6600253,-0.65782005,5.104185e-06,-6.1721505e-07,-1.0490433e-07,2.6259035e-11,-0.6587783,0.6572571,-5.853931e-07,6.5535875e-07
0.0022636736,0.0022581709,-0.005439207,0.023870956,-0.6014124,0.9352037,0.3034089,-0.05343125,1.8517253,-0.40538514,0.4002995,-0.08018758,1.1755321,0.60465,-1.0571171,1.314389,-1.8714843,1.1022565,-3.1415417,0.6634845,-0.67278105,0.6578588,-0.6554679,3.327007e-05,-1.2744072e-05,6.569245e-07,-6.0519464e-11,-0.656562,0.6548381,-5.859821e-06,6.7770743e-06
0.0022636736,0.0022581709,-0.026081044,0.03846865,-0.6012943,1.0349258,0.39576793,-0.03654875,1.8816202,-0.47596663,0.3882988,-0.17664008,1.1105936,0.58139247,-1.072639,1.3662735,-1.8172325,1.2015951,-3.1415749,0.6631158,-0.6713312,0.656233,-0.65376896,7.0577976e-06,-2.7656536e-06,1.9536007e-07,-2.6537175e-11,-0.6547944,0.6530702,-1.2305976e-06,1.4316323e-06
0.0022636736,0.0022581709,-0.04546868,0.019549686,-0.60158306,1.1349792,0.4527421,-0.07504731,1.8733329,-0.47295174,0.2897045,-0.105128445,1.1212472,0.48499185,-1.0334207,1.3379728,-1.8404078,1.3015451,-3.141575,0.6619801,-0.6706946,0.6548959,-0.6522928,8.912001e-06,-1.7738711e-06,-1.1461352e-07,1.1663601e-11,-0.653381,0.651564,-2.4781064e-06,2.0628106e-06
0.0022636736,0.0022581709,-0.05704107,-0.00025069356,-0.60149443,1.2329805,0.5025517,-0.116700836,1.8631672,-0.46537024,0.18971537,-0.007118023,1.1401846,0.38360316,-0.9936207,1.299643,-1.8685697,1.401758,-3.1415775,0.66023207,-0.6709326,0.6539734,-0.6512122,3.280334e-06,5.2028236e-07,-3.4690567e-07,4.0718307e-11,-0.65250146,0.6504595,-1.0206122e-06,1.3147727e-06
0.0022636736,0.0022581709,-0.07501585,-0.018344754,-0.60198283,1.163204,0.5945876,-0.20761979,1.8956662,-0.50776756,0.13700578,-0.07650449,1.0855069,0.29604483,-0.9926359,1.3217832,-1.8329005,1.4634594,-3.1415784,0.659017,-0.67100483,0.65335244,-0.6504818,6.546189e-08,-1.1477734e-06,1.1992114e-07,-1.2088308e-11,-0.65199566,0.64968085,9.985913e-08,7.788199e-08
0.0022636736,0.0022581709,-0.09568153,-0.036658768,-0.60174006,1.106391,0.6739823,-0.30768004,1.9012992,-0.41019106,0.042055983,-0.1763668,1.0823342,0.29211167,-0.9543604,1.4208293,-1.8445487,1.4087791,-3.1415784,0.6589396,-0.6708085,0.6530383,-0.65016377,8.0510944e-07,-1.3320738e-07,-1.4437506e-07,2.1665569e-11,-0.6517917,0.649318,4.7313617e-07,3.241483e-07
0.0022636736,0.0022581709,-0.11354417,-0.055964045,-0.60143197,1.1332011,0.72040766,-0.40765467,1.8917813,-0.31056467,-0.057916205,-0.13525867,1.1086545,0.20557661,-0.91263044,1.5208877,-1.8753486,1.3845962,-3.1415784,0.66002804,-0.66985714,0.65286183,-0.65002745,-6.9461277e-07,2.4614047e-07,3.5681967e-07,-3.2036908e-11,-0.6515696,0.64915794,-2.0576883e-06,-1.1195801e-06
0.0022636736,0.0022581709,-0.10351056,-0.075881645,-0.6013422,1.1712016,0.6946948,-0.50767624,1.8635956,-0.21228392,-0.12097103,-0.057958223,1.1594965,0.10429567,-0.8855307,1.6221224,-1.9232254,1.3606601,-3.1337333,0.65987825,-0.66999245,0.65285283,-0.64999986,-5.739806e-07,2.0668459e-07,4.0842806e-07,-3.8850097e-11,-0.6516992,0.6491127,-1.424143e-06,-8.4628124e-07
